{
 "cells": [
  {
   "cell_type": "code",
   "execution_count": 1,
   "id": "1e7144de-a1f2-4649-aec9-fef8f52ae1a2",
   "metadata": {},
   "outputs": [],
   "source": [
    "# case study"
   ]
  },
  {
   "cell_type": "markdown",
   "id": "991d3cb6-7d12-496d-a081-eeaef6348dd7",
   "metadata": {},
   "source": [
    "Imagine you're McDonald’s, and you want to understand if different groups of consumers see your brand differently. This is important because it helps you know who to target with your marketing and what messages to send them.<br>\n",
    "\n",
    "Here's what we'll do:<br>\n",
    "\n",
    "    1. Data Collection: We have data collected from surveys that were originally done to see how people view brands. This data has been used before in different studies.\n",
    "\n",
    "    2. Goal: Our goal is to figure out if there are specific groups of people who see McDonald’s differently from others.\n",
    "\n",
    "Approach: We'll use a method called market segmentation analysis. This helps us divide people into groups based on their perceptions of McDonald’s.\n",
    "\n",
    "Why It's Important: By understanding these groups, we can decide where to focus our efforts. For example, if there's a group with a positive view, we can make sure they keep liking us. If there's a group with a negative view, we can figure out why and try to change that."
   ]
  },
  {
   "cell_type": "markdown",
   "id": "ed9d417d-5c29-42af-a038-42756419fa39",
   "metadata": {},
   "source": [
    "# <font color=\"red\">Step 1. </font>  Deciding to segement :-\n",
    "it's a choice between a uniform marketing approach for all customers or recognizing and responding to the diversity in customers' perceptions."
   ]
  },
  {
   "cell_type": "markdown",
   "id": "8d11c55e-e309-46ec-a87e-5d744e70a5a6",
   "metadata": {},
   "source": [
    "# <font color=\"red\">Step 2.</font>Specifying the Ideal Target Segment:- "
   ]
  },
  {
   "cell_type": "raw",
   "id": "443c18b9-9deb-4d77-851a-6ad881c2507c",
   "metadata": {},
   "source": [
    "Certainly! In this step, McDonald’s needs to determine the characteristics of the ideal group of customers they want to target. These characteristics include:\n",
    "\n",
    "Homogeneity: The group should be similar to each other in a key characteristic.\n",
    "Distinctiveness: They should be different from other groups in a key characteristic.\n",
    "Size: The group should be large enough to justify customizing marketing efforts.\n",
    "Alignment with McDonald’s Strengths: They should be open to eating at fast food restaurants.\n",
    "Identifiability: There should be a way to recognize this group among others.\n",
    "Reachability: There should be channels to communicate and distribute products/services to this group specifically.\n",
    "For attractiveness criteria, McDonald’s might prefer a group that:\n",
    "\n",
    "Has a positive perception of McDonald’s.\n",
    "- Frequently eats out.\n",
    "- Enjoys fast food.\n",
    "Additionally, McDonald’s might also want to understand and potentially modify perceptions of groups currently not fond of them. Since the available data primarily focuses on people's brand image of McDonald’s and lacks additional information, attractiveness criteria are limited to liking McDonald’s and frequent patronage of McDonald’s. These criteria will help inform the selection of target segments in the later steps.\n"
   ]
  },
  {
   "cell_type": "markdown",
   "id": "9d860f64-79f3-47be-8972-742cceceee11",
   "metadata": {},
   "source": [
    "# <font color=\"red\">Step 3 :- Collecting Data</font>"
   ]
  },
  {
   "cell_type": "code",
   "execution_count": 2,
   "id": "7d6aabf0-43ed-4c1d-a090-7b22e1941dae",
   "metadata": {},
   "outputs": [],
   "source": [
    "# Load necessary files\n",
    "import pandas as pd\n",
    "import numpy as np\n",
    "import warnings\n",
    "warnings.filterwarnings('ignore')\n",
    "import matplotlib.pyplot as plt\n",
    "import seaborn as sns\n",
    "from sklearn.metrics import silhouette_score\n",
    "from sklearn.decomposition import PCA\n",
    "from sklearn.cluster import KMeans\n",
    "from sklearn.metrics import adjusted_rand_score\n",
    "from sklearn.utils import resample"
   ]
  },
  {
   "cell_type": "code",
   "execution_count": 3,
   "id": "17a4f817-91a9-4f3e-b279-fa4b753607e5",
   "metadata": {},
   "outputs": [],
   "source": [
    "# Load mcdonalds dataset\n",
    "mcdonalds=pd.read_csv(\"mcdonalds.csv\")"
   ]
  },
  {
   "cell_type": "markdown",
   "id": "4c4bd6da-8500-4a2b-b044-dd23b074b204",
   "metadata": {},
   "source": [
    "# <font color=\"red\"> Step 4 :- Exploring Data </font>"
   ]
  },
  {
   "cell_type": "code",
   "execution_count": 4,
   "id": "1fb90d6b-d944-4b99-b34c-ecfa1a4a5f1e",
   "metadata": {},
   "outputs": [
    {
     "data": {
      "text/plain": [
       "Index(['yummy', 'convenient', 'spicy', 'fattening', 'greasy', 'fast', 'cheap',\n",
       "       'tasty', 'expensive', 'healthy', 'disgusting', 'Like', 'Age',\n",
       "       'VisitFrequency', 'Gender'],\n",
       "      dtype='object')"
      ]
     },
     "execution_count": 4,
     "metadata": {},
     "output_type": "execute_result"
    }
   ],
   "source": [
    "# Feactures names\n",
    "mcdonalds.columns"
   ]
  },
  {
   "cell_type": "code",
   "execution_count": 5,
   "id": "080bc1ab-1dad-4e2d-9d0b-28c929d22d58",
   "metadata": {},
   "outputs": [
    {
     "data": {
      "text/plain": [
       "(1453, 15)"
      ]
     },
     "execution_count": 5,
     "metadata": {},
     "output_type": "execute_result"
    }
   ],
   "source": [
    "# shape of Datasets\n",
    "mcdonalds.shape"
   ]
  },
  {
   "cell_type": "code",
   "execution_count": 6,
   "id": "5f3460ec-e5e7-4ff3-89c4-c54895b252bc",
   "metadata": {},
   "outputs": [
    {
     "data": {
      "text/html": [
       "<div>\n",
       "<style scoped>\n",
       "    .dataframe tbody tr th:only-of-type {\n",
       "        vertical-align: middle;\n",
       "    }\n",
       "\n",
       "    .dataframe tbody tr th {\n",
       "        vertical-align: top;\n",
       "    }\n",
       "\n",
       "    .dataframe thead th {\n",
       "        text-align: right;\n",
       "    }\n",
       "</style>\n",
       "<table border=\"1\" class=\"dataframe\">\n",
       "  <thead>\n",
       "    <tr style=\"text-align: right;\">\n",
       "      <th></th>\n",
       "      <th>yummy</th>\n",
       "      <th>convenient</th>\n",
       "      <th>spicy</th>\n",
       "      <th>fattening</th>\n",
       "      <th>greasy</th>\n",
       "      <th>fast</th>\n",
       "      <th>cheap</th>\n",
       "      <th>tasty</th>\n",
       "      <th>expensive</th>\n",
       "      <th>healthy</th>\n",
       "      <th>disgusting</th>\n",
       "      <th>Like</th>\n",
       "      <th>Age</th>\n",
       "      <th>VisitFrequency</th>\n",
       "      <th>Gender</th>\n",
       "    </tr>\n",
       "  </thead>\n",
       "  <tbody>\n",
       "    <tr>\n",
       "      <th>0</th>\n",
       "      <td>No</td>\n",
       "      <td>Yes</td>\n",
       "      <td>No</td>\n",
       "      <td>Yes</td>\n",
       "      <td>No</td>\n",
       "      <td>Yes</td>\n",
       "      <td>Yes</td>\n",
       "      <td>No</td>\n",
       "      <td>Yes</td>\n",
       "      <td>No</td>\n",
       "      <td>No</td>\n",
       "      <td>-3</td>\n",
       "      <td>61</td>\n",
       "      <td>Every three months</td>\n",
       "      <td>Female</td>\n",
       "    </tr>\n",
       "    <tr>\n",
       "      <th>1</th>\n",
       "      <td>Yes</td>\n",
       "      <td>Yes</td>\n",
       "      <td>No</td>\n",
       "      <td>Yes</td>\n",
       "      <td>Yes</td>\n",
       "      <td>Yes</td>\n",
       "      <td>Yes</td>\n",
       "      <td>Yes</td>\n",
       "      <td>Yes</td>\n",
       "      <td>No</td>\n",
       "      <td>No</td>\n",
       "      <td>+2</td>\n",
       "      <td>51</td>\n",
       "      <td>Every three months</td>\n",
       "      <td>Female</td>\n",
       "    </tr>\n",
       "    <tr>\n",
       "      <th>2</th>\n",
       "      <td>No</td>\n",
       "      <td>Yes</td>\n",
       "      <td>Yes</td>\n",
       "      <td>Yes</td>\n",
       "      <td>Yes</td>\n",
       "      <td>Yes</td>\n",
       "      <td>No</td>\n",
       "      <td>Yes</td>\n",
       "      <td>Yes</td>\n",
       "      <td>Yes</td>\n",
       "      <td>No</td>\n",
       "      <td>+1</td>\n",
       "      <td>62</td>\n",
       "      <td>Every three months</td>\n",
       "      <td>Female</td>\n",
       "    </tr>\n",
       "  </tbody>\n",
       "</table>\n",
       "</div>"
      ],
      "text/plain": [
       "  yummy convenient spicy fattening greasy fast cheap tasty expensive healthy  \\\n",
       "0    No        Yes    No       Yes     No  Yes   Yes    No       Yes      No   \n",
       "1   Yes        Yes    No       Yes    Yes  Yes   Yes   Yes       Yes      No   \n",
       "2    No        Yes   Yes       Yes    Yes  Yes    No   Yes       Yes     Yes   \n",
       "\n",
       "  disgusting Like  Age      VisitFrequency  Gender  \n",
       "0         No   -3   61  Every three months  Female  \n",
       "1         No   +2   51  Every three months  Female  \n",
       "2         No   +1   62  Every three months  Female  "
      ]
     },
     "execution_count": 6,
     "metadata": {},
     "output_type": "execute_result"
    }
   ],
   "source": [
    "# print first 3 rows of data\n",
    "mcdonalds.head(3)"
   ]
  },
  {
   "cell_type": "code",
   "execution_count": 7,
   "id": "24cc877a-5713-4da4-a3c5-d8bd722fe099",
   "metadata": {},
   "outputs": [],
   "source": [
    "# Replace 'yes' to 1 and 'no' to 0"
   ]
  },
  {
   "cell_type": "code",
   "execution_count": null,
   "id": "8f3de6ca-c284-43f3-a540-e0c9ac337961",
   "metadata": {},
   "outputs": [],
   "source": []
  },
  {
   "cell_type": "code",
   "execution_count": 8,
   "id": "3b945690-f9ef-444d-9f7e-b55672374c6c",
   "metadata": {},
   "outputs": [],
   "source": [
    "md_x=mcdonalds.iloc[:,:11]"
   ]
  },
  {
   "cell_type": "code",
   "execution_count": 9,
   "id": "15f50f77-887f-4b1d-8589-a01d088e1814",
   "metadata": {},
   "outputs": [],
   "source": [
    "MD_x=md_x.replace(['Yes','No'],[1,0])"
   ]
  },
  {
   "cell_type": "code",
   "execution_count": 10,
   "id": "8e09da36-e3c8-4b3a-b662-a19f17d4d174",
   "metadata": {},
   "outputs": [
    {
     "name": "stdout",
     "output_type": "stream",
     "text": [
      "<class 'pandas.core.frame.DataFrame'>\n",
      "RangeIndex: 1453 entries, 0 to 1452\n",
      "Data columns (total 11 columns):\n",
      " #   Column      Non-Null Count  Dtype\n",
      "---  ------      --------------  -----\n",
      " 0   yummy       1453 non-null   int64\n",
      " 1   convenient  1453 non-null   int64\n",
      " 2   spicy       1453 non-null   int64\n",
      " 3   fattening   1453 non-null   int64\n",
      " 4   greasy      1453 non-null   int64\n",
      " 5   fast        1453 non-null   int64\n",
      " 6   cheap       1453 non-null   int64\n",
      " 7   tasty       1453 non-null   int64\n",
      " 8   expensive   1453 non-null   int64\n",
      " 9   healthy     1453 non-null   int64\n",
      " 10  disgusting  1453 non-null   int64\n",
      "dtypes: int64(11)\n",
      "memory usage: 125.0 KB\n"
     ]
    }
   ],
   "source": [
    "MD_x.info()"
   ]
  },
  {
   "cell_type": "code",
   "execution_count": 11,
   "id": "b2ffabce-e9e5-4f33-a3c3-73a5b493d3a0",
   "metadata": {},
   "outputs": [
    {
     "data": {
      "text/plain": [
       "yummy         0.55\n",
       "convenient    0.91\n",
       "spicy         0.09\n",
       "fattening     0.87\n",
       "greasy        0.53\n",
       "fast          0.90\n",
       "cheap         0.60\n",
       "tasty         0.64\n",
       "expensive     0.36\n",
       "healthy       0.20\n",
       "disgusting    0.24\n",
       "dtype: float64"
      ]
     },
     "execution_count": 11,
     "metadata": {},
     "output_type": "execute_result"
    }
   ],
   "source": [
    "# Getting the round off mean\n",
    "np.round(MD_x.mean(), 2)"
   ]
  },
  {
   "cell_type": "markdown",
   "id": "fe516070-47bf-431f-9663-8ef0250dc68c",
   "metadata": {},
   "source": [
    "# <font color= 'red'> Insight:- </font> \n",
    "    1. Half of the respondents (55%) perceive McDonald’s as YUMMY.\n",
    "    2. 91% believe that eating at McDonald’s is CONVENIENT.\n",
    "    3. only 9% think that McDonald’s food is SPICY.\n",
    "    4. McDonald's food to be convenient, fast, and sometimes indulgent or high in calories.\n",
    "    5. Yummy, Greasy, Tasty, and Cheap :-These attributes have moderate mean scores, indicating that customers generally find McDonald's food to be enjoyable (yummy, tasty) and affordable (cheap).\n",
    "    "
   ]
  },
  {
   "cell_type": "code",
   "execution_count": null,
   "id": "262e27ab-7689-4f27-b3b1-4954bcee8250",
   "metadata": {},
   "outputs": [],
   "source": []
  },
  {
   "cell_type": "code",
   "execution_count": 12,
   "id": "2b11556d-7e78-49fb-b223-45862425b85a",
   "metadata": {},
   "outputs": [],
   "source": [
    "MD_pca=PCA()"
   ]
  },
  {
   "cell_type": "code",
   "execution_count": 13,
   "id": "c9cf7c86-464d-486d-8339-973a8ffbe6e1",
   "metadata": {},
   "outputs": [
    {
     "data": {
      "text/html": [
       "<style>#sk-container-id-1 {color: black;background-color: white;}#sk-container-id-1 pre{padding: 0;}#sk-container-id-1 div.sk-toggleable {background-color: white;}#sk-container-id-1 label.sk-toggleable__label {cursor: pointer;display: block;width: 100%;margin-bottom: 0;padding: 0.3em;box-sizing: border-box;text-align: center;}#sk-container-id-1 label.sk-toggleable__label-arrow:before {content: \"▸\";float: left;margin-right: 0.25em;color: #696969;}#sk-container-id-1 label.sk-toggleable__label-arrow:hover:before {color: black;}#sk-container-id-1 div.sk-estimator:hover label.sk-toggleable__label-arrow:before {color: black;}#sk-container-id-1 div.sk-toggleable__content {max-height: 0;max-width: 0;overflow: hidden;text-align: left;background-color: #f0f8ff;}#sk-container-id-1 div.sk-toggleable__content pre {margin: 0.2em;color: black;border-radius: 0.25em;background-color: #f0f8ff;}#sk-container-id-1 input.sk-toggleable__control:checked~div.sk-toggleable__content {max-height: 200px;max-width: 100%;overflow: auto;}#sk-container-id-1 input.sk-toggleable__control:checked~label.sk-toggleable__label-arrow:before {content: \"▾\";}#sk-container-id-1 div.sk-estimator input.sk-toggleable__control:checked~label.sk-toggleable__label {background-color: #d4ebff;}#sk-container-id-1 div.sk-label input.sk-toggleable__control:checked~label.sk-toggleable__label {background-color: #d4ebff;}#sk-container-id-1 input.sk-hidden--visually {border: 0;clip: rect(1px 1px 1px 1px);clip: rect(1px, 1px, 1px, 1px);height: 1px;margin: -1px;overflow: hidden;padding: 0;position: absolute;width: 1px;}#sk-container-id-1 div.sk-estimator {font-family: monospace;background-color: #f0f8ff;border: 1px dotted black;border-radius: 0.25em;box-sizing: border-box;margin-bottom: 0.5em;}#sk-container-id-1 div.sk-estimator:hover {background-color: #d4ebff;}#sk-container-id-1 div.sk-parallel-item::after {content: \"\";width: 100%;border-bottom: 1px solid gray;flex-grow: 1;}#sk-container-id-1 div.sk-label:hover label.sk-toggleable__label {background-color: #d4ebff;}#sk-container-id-1 div.sk-serial::before {content: \"\";position: absolute;border-left: 1px solid gray;box-sizing: border-box;top: 0;bottom: 0;left: 50%;z-index: 0;}#sk-container-id-1 div.sk-serial {display: flex;flex-direction: column;align-items: center;background-color: white;padding-right: 0.2em;padding-left: 0.2em;position: relative;}#sk-container-id-1 div.sk-item {position: relative;z-index: 1;}#sk-container-id-1 div.sk-parallel {display: flex;align-items: stretch;justify-content: center;background-color: white;position: relative;}#sk-container-id-1 div.sk-item::before, #sk-container-id-1 div.sk-parallel-item::before {content: \"\";position: absolute;border-left: 1px solid gray;box-sizing: border-box;top: 0;bottom: 0;left: 50%;z-index: -1;}#sk-container-id-1 div.sk-parallel-item {display: flex;flex-direction: column;z-index: 1;position: relative;background-color: white;}#sk-container-id-1 div.sk-parallel-item:first-child::after {align-self: flex-end;width: 50%;}#sk-container-id-1 div.sk-parallel-item:last-child::after {align-self: flex-start;width: 50%;}#sk-container-id-1 div.sk-parallel-item:only-child::after {width: 0;}#sk-container-id-1 div.sk-dashed-wrapped {border: 1px dashed gray;margin: 0 0.4em 0.5em 0.4em;box-sizing: border-box;padding-bottom: 0.4em;background-color: white;}#sk-container-id-1 div.sk-label label {font-family: monospace;font-weight: bold;display: inline-block;line-height: 1.2em;}#sk-container-id-1 div.sk-label-container {text-align: center;}#sk-container-id-1 div.sk-container {/* jupyter's `normalize.less` sets `[hidden] { display: none; }` but bootstrap.min.css set `[hidden] { display: none !important; }` so we also need the `!important` here to be able to override the default hidden behavior on the sphinx rendered scikit-learn.org. See: https://github.com/scikit-learn/scikit-learn/issues/21755 */display: inline-block !important;position: relative;}#sk-container-id-1 div.sk-text-repr-fallback {display: none;}</style><div id=\"sk-container-id-1\" class=\"sk-top-container\"><div class=\"sk-text-repr-fallback\"><pre>PCA()</pre><b>In a Jupyter environment, please rerun this cell to show the HTML representation or trust the notebook. <br />On GitHub, the HTML representation is unable to render, please try loading this page with nbviewer.org.</b></div><div class=\"sk-container\" hidden><div class=\"sk-item\"><div class=\"sk-estimator sk-toggleable\"><input class=\"sk-toggleable__control sk-hidden--visually\" id=\"sk-estimator-id-1\" type=\"checkbox\" checked><label for=\"sk-estimator-id-1\" class=\"sk-toggleable__label sk-toggleable__label-arrow\">PCA</label><div class=\"sk-toggleable__content\"><pre>PCA()</pre></div></div></div></div></div>"
      ],
      "text/plain": [
       "PCA()"
      ]
     },
     "execution_count": 13,
     "metadata": {},
     "output_type": "execute_result"
    }
   ],
   "source": [
    "MD_pca.fit(MD_x)"
   ]
  },
  {
   "cell_type": "code",
   "execution_count": 14,
   "id": "7062da39-9c32-4dfb-a5e9-7eec214350da",
   "metadata": {},
   "outputs": [],
   "source": [
    "proportion_of_variance=MD_pca.explained_variance_ratio_"
   ]
  },
  {
   "cell_type": "code",
   "execution_count": 15,
   "id": "ba22bd16-ed65-4092-851a-6d0e9d27d4f9",
   "metadata": {},
   "outputs": [],
   "source": [
    "cum=np.cumsum(MD_pca.explained_variance_ratio_)"
   ]
  },
  {
   "cell_type": "code",
   "execution_count": 16,
   "id": "d99a2ad7-73eb-4925-a86b-35b2e7041336",
   "metadata": {},
   "outputs": [],
   "source": [
    "Standard_deviation=MD_pca.explained_variance_ **0.5"
   ]
  },
  {
   "cell_type": "code",
   "execution_count": 17,
   "id": "889f2ca6-ed44-4659-b16d-81623d8f594d",
   "metadata": {},
   "outputs": [
    {
     "data": {
      "text/plain": [
       "Index(['yummy', 'convenient', 'spicy', 'fattening', 'greasy', 'fast', 'cheap',\n",
       "       'tasty', 'expensive', 'healthy', 'disgusting'],\n",
       "      dtype='object')"
      ]
     },
     "execution_count": 17,
     "metadata": {},
     "output_type": "execute_result"
    }
   ],
   "source": [
    "col=MD_x.columns\n",
    "col"
   ]
  },
  {
   "cell_type": "code",
   "execution_count": 18,
   "id": "7af1e3bb-29eb-4d61-91fa-0bf6dbe3ba7c",
   "metadata": {},
   "outputs": [
    {
     "data": {
      "text/html": [
       "<div>\n",
       "<style scoped>\n",
       "    .dataframe tbody tr th:only-of-type {\n",
       "        vertical-align: middle;\n",
       "    }\n",
       "\n",
       "    .dataframe tbody tr th {\n",
       "        vertical-align: top;\n",
       "    }\n",
       "\n",
       "    .dataframe thead th {\n",
       "        text-align: right;\n",
       "    }\n",
       "</style>\n",
       "<table border=\"1\" class=\"dataframe\">\n",
       "  <thead>\n",
       "    <tr style=\"text-align: right;\">\n",
       "      <th></th>\n",
       "      <th>PC1</th>\n",
       "      <th>PC2</th>\n",
       "      <th>PC3</th>\n",
       "      <th>PC4</th>\n",
       "      <th>PC5</th>\n",
       "      <th>PC6</th>\n",
       "      <th>PC7</th>\n",
       "      <th>PC8</th>\n",
       "      <th>PC9</th>\n",
       "      <th>PC10</th>\n",
       "      <th>PC11</th>\n",
       "    </tr>\n",
       "  </thead>\n",
       "  <tbody>\n",
       "    <tr>\n",
       "      <th>Standard deviation</th>\n",
       "      <td>0.757050</td>\n",
       "      <td>0.607456</td>\n",
       "      <td>0.504619</td>\n",
       "      <td>0.398799</td>\n",
       "      <td>0.337405</td>\n",
       "      <td>0.310275</td>\n",
       "      <td>0.289697</td>\n",
       "      <td>0.275122</td>\n",
       "      <td>0.265251</td>\n",
       "      <td>0.248842</td>\n",
       "      <td>0.236903</td>\n",
       "    </tr>\n",
       "    <tr>\n",
       "      <th>proportion_of_variance</th>\n",
       "      <td>0.299447</td>\n",
       "      <td>0.192797</td>\n",
       "      <td>0.133045</td>\n",
       "      <td>0.083096</td>\n",
       "      <td>0.059481</td>\n",
       "      <td>0.050300</td>\n",
       "      <td>0.043849</td>\n",
       "      <td>0.039548</td>\n",
       "      <td>0.036761</td>\n",
       "      <td>0.032353</td>\n",
       "      <td>0.029323</td>\n",
       "    </tr>\n",
       "    <tr>\n",
       "      <th>Cumulative Proportion</th>\n",
       "      <td>0.299447</td>\n",
       "      <td>0.492244</td>\n",
       "      <td>0.625290</td>\n",
       "      <td>0.708386</td>\n",
       "      <td>0.767866</td>\n",
       "      <td>0.818166</td>\n",
       "      <td>0.862015</td>\n",
       "      <td>0.901563</td>\n",
       "      <td>0.938323</td>\n",
       "      <td>0.970677</td>\n",
       "      <td>1.000000</td>\n",
       "    </tr>\n",
       "  </tbody>\n",
       "</table>\n",
       "</div>"
      ],
      "text/plain": [
       "                             PC1       PC2       PC3       PC4       PC5  \\\n",
       "Standard deviation      0.757050  0.607456  0.504619  0.398799  0.337405   \n",
       "proportion_of_variance  0.299447  0.192797  0.133045  0.083096  0.059481   \n",
       "Cumulative Proportion   0.299447  0.492244  0.625290  0.708386  0.767866   \n",
       "\n",
       "                             PC6       PC7       PC8       PC9      PC10  \\\n",
       "Standard deviation      0.310275  0.289697  0.275122  0.265251  0.248842   \n",
       "proportion_of_variance  0.050300  0.043849  0.039548  0.036761  0.032353   \n",
       "Cumulative Proportion   0.818166  0.862015  0.901563  0.938323  0.970677   \n",
       "\n",
       "                            PC11  \n",
       "Standard deviation      0.236903  \n",
       "proportion_of_variance  0.029323  \n",
       "Cumulative Proportion   1.000000  "
      ]
     },
     "execution_count": 18,
     "metadata": {},
     "output_type": "execute_result"
    }
   ],
   "source": [
    "pd.DataFrame({\"Standard deviation\":Standard_deviation,\n",
    "    \"proportion_of_variance\":proportion_of_variance,\n",
    "         \"Cumulative Proportion\": cum\n",
    "},index=[\"PC1\",\"PC2\",\"PC3\",\"PC4\",\"PC5\",\"PC6\",\"PC7\",\"PC8\",\"PC9\",\"PC10\",\"PC11\"]).transpose()"
   ]
  },
  {
   "cell_type": "markdown",
   "id": "82179660-d750-49d2-b7be-d2a473db98d6",
   "metadata": {},
   "source": [
    "# <font color=\"red\">Insight :- </font> PC1 and PC2 contain 50% of information."
   ]
  },
  {
   "cell_type": "code",
   "execution_count": 19,
   "id": "dad2194c-097e-44cb-9b2e-7b62f19f83b0",
   "metadata": {},
   "outputs": [
    {
     "data": {
      "text/plain": [
       "array([0.8, 0.6, 0.5, 0.4, 0.3, 0.3, 0.3, 0.3, 0.3, 0.2, 0.2])"
      ]
     },
     "execution_count": 19,
     "metadata": {},
     "output_type": "execute_result"
    }
   ],
   "source": [
    "# standard deviation with 1 decimal place value\n",
    "np.round(Standard_deviation,1)"
   ]
  },
  {
   "cell_type": "code",
   "execution_count": 20,
   "id": "ccdd06c1-cf4d-40f2-8c6e-a1c1dc46a1cd",
   "metadata": {},
   "outputs": [
    {
     "data": {
      "text/plain": [
       "array([[-0.47693349, -0.15533159, -0.00635636,  0.11623168,  0.3044427 ,\n",
       "        -0.10849325, -0.33718593, -0.47151394,  0.32904173, -0.21371062,\n",
       "         0.37475293],\n",
       "       [ 0.36378978,  0.016414  ,  0.01880869, -0.03409395, -0.06383884,\n",
       "        -0.0869722 , -0.61063276,  0.3073178 ,  0.60128596,  0.07659344,\n",
       "        -0.13965633],\n",
       "       [-0.30444402, -0.0625153 , -0.03701866, -0.32235949, -0.80237317,\n",
       "        -0.06464172, -0.14931026, -0.28726479,  0.02439661,  0.19205128,\n",
       "        -0.08857138],\n",
       "       [ 0.0551622 , -0.14242496,  0.19761927, -0.35413876,  0.2539601 ,\n",
       "        -0.09736269,  0.11895823, -0.00254696,  0.06781599,  0.76348804,\n",
       "         0.36953871],\n",
       "       [-0.30753507,  0.27760805,  0.07062017, -0.07340475,  0.36139895,\n",
       "         0.10793025, -0.12897259, -0.21089912, -0.00312457,  0.28784553,\n",
       "        -0.72920859],\n",
       "       [ 0.17073819, -0.34783006, -0.3550866 , -0.40651542,  0.20934711,\n",
       "        -0.59463206, -0.10324067, -0.07691443, -0.26134151, -0.17822612,\n",
       "        -0.21087805],\n",
       "       [-0.28051863, -0.05973793,  0.70763705, -0.38594277,  0.03616962,\n",
       "        -0.08684577, -0.04044934,  0.36045348, -0.06838452, -0.34961569,\n",
       "        -0.02679159],\n",
       "       [ 0.01304117, -0.11307868,  0.37593402,  0.58962241, -0.13824084,\n",
       "        -0.62779877,  0.14006047, -0.07279193,  0.02953939,  0.17630281,\n",
       "        -0.16718101],\n",
       "       [ 0.57240278, -0.01846534,  0.40027977, -0.16051227, -0.00284738,\n",
       "         0.16619659,  0.07606907, -0.63908592,  0.06699639, -0.1855722 ,\n",
       "        -0.07248255],\n",
       "       [-0.11028437, -0.66581756, -0.07563413, -0.00533813,  0.00870725,\n",
       "         0.23953197,  0.42808739,  0.0791838 ,  0.45439925, -0.03811713,\n",
       "        -0.28959188],\n",
       "       [ 0.04543901, -0.54161635,  0.14172992,  0.25090987,  0.00164229,\n",
       "         0.33926454, -0.48928285,  0.01955226, -0.49006853,  0.15760765,\n",
       "        -0.04066227]])"
      ]
     },
     "execution_count": 20,
     "metadata": {},
     "output_type": "execute_result"
    }
   ],
   "source": [
    "MD_pca.components_"
   ]
  },
  {
   "cell_type": "code",
   "execution_count": 21,
   "id": "5bbfb381-3a8b-42bf-b964-3f743621b016",
   "metadata": {},
   "outputs": [
    {
     "data": {
      "text/html": [
       "<div>\n",
       "<style scoped>\n",
       "    .dataframe tbody tr th:only-of-type {\n",
       "        vertical-align: middle;\n",
       "    }\n",
       "\n",
       "    .dataframe tbody tr th {\n",
       "        vertical-align: top;\n",
       "    }\n",
       "\n",
       "    .dataframe thead th {\n",
       "        text-align: right;\n",
       "    }\n",
       "</style>\n",
       "<table border=\"1\" class=\"dataframe\">\n",
       "  <thead>\n",
       "    <tr style=\"text-align: right;\">\n",
       "      <th></th>\n",
       "      <th>PC1</th>\n",
       "      <th>PC2</th>\n",
       "      <th>PC3</th>\n",
       "      <th>PC4</th>\n",
       "      <th>PC5</th>\n",
       "      <th>PC6</th>\n",
       "      <th>PC7</th>\n",
       "      <th>PC8</th>\n",
       "      <th>PC9</th>\n",
       "      <th>PC10</th>\n",
       "      <th>PC11</th>\n",
       "    </tr>\n",
       "  </thead>\n",
       "  <tbody>\n",
       "    <tr>\n",
       "      <th>yummy</th>\n",
       "      <td>-0.476933</td>\n",
       "      <td>0.363790</td>\n",
       "      <td>-0.304444</td>\n",
       "      <td>0.055162</td>\n",
       "      <td>-0.307535</td>\n",
       "      <td>0.170738</td>\n",
       "      <td>-0.280519</td>\n",
       "      <td>0.013041</td>\n",
       "      <td>0.572403</td>\n",
       "      <td>-0.110284</td>\n",
       "      <td>0.045439</td>\n",
       "    </tr>\n",
       "    <tr>\n",
       "      <th>convenient</th>\n",
       "      <td>-0.155332</td>\n",
       "      <td>0.016414</td>\n",
       "      <td>-0.062515</td>\n",
       "      <td>-0.142425</td>\n",
       "      <td>0.277608</td>\n",
       "      <td>-0.347830</td>\n",
       "      <td>-0.059738</td>\n",
       "      <td>-0.113079</td>\n",
       "      <td>-0.018465</td>\n",
       "      <td>-0.665818</td>\n",
       "      <td>-0.541616</td>\n",
       "    </tr>\n",
       "    <tr>\n",
       "      <th>spicy</th>\n",
       "      <td>-0.006356</td>\n",
       "      <td>0.018809</td>\n",
       "      <td>-0.037019</td>\n",
       "      <td>0.197619</td>\n",
       "      <td>0.070620</td>\n",
       "      <td>-0.355087</td>\n",
       "      <td>0.707637</td>\n",
       "      <td>0.375934</td>\n",
       "      <td>0.400280</td>\n",
       "      <td>-0.075634</td>\n",
       "      <td>0.141730</td>\n",
       "    </tr>\n",
       "    <tr>\n",
       "      <th>fattening</th>\n",
       "      <td>0.116232</td>\n",
       "      <td>-0.034094</td>\n",
       "      <td>-0.322359</td>\n",
       "      <td>-0.354139</td>\n",
       "      <td>-0.073405</td>\n",
       "      <td>-0.406515</td>\n",
       "      <td>-0.385943</td>\n",
       "      <td>0.589622</td>\n",
       "      <td>-0.160512</td>\n",
       "      <td>-0.005338</td>\n",
       "      <td>0.250910</td>\n",
       "    </tr>\n",
       "    <tr>\n",
       "      <th>greasy</th>\n",
       "      <td>0.304443</td>\n",
       "      <td>-0.063839</td>\n",
       "      <td>-0.802373</td>\n",
       "      <td>0.253960</td>\n",
       "      <td>0.361399</td>\n",
       "      <td>0.209347</td>\n",
       "      <td>0.036170</td>\n",
       "      <td>-0.138241</td>\n",
       "      <td>-0.002847</td>\n",
       "      <td>0.008707</td>\n",
       "      <td>0.001642</td>\n",
       "    </tr>\n",
       "    <tr>\n",
       "      <th>fast</th>\n",
       "      <td>-0.108493</td>\n",
       "      <td>-0.086972</td>\n",
       "      <td>-0.064642</td>\n",
       "      <td>-0.097363</td>\n",
       "      <td>0.107930</td>\n",
       "      <td>-0.594632</td>\n",
       "      <td>-0.086846</td>\n",
       "      <td>-0.627799</td>\n",
       "      <td>0.166197</td>\n",
       "      <td>0.239532</td>\n",
       "      <td>0.339265</td>\n",
       "    </tr>\n",
       "    <tr>\n",
       "      <th>cheap</th>\n",
       "      <td>-0.337186</td>\n",
       "      <td>-0.610633</td>\n",
       "      <td>-0.149310</td>\n",
       "      <td>0.118958</td>\n",
       "      <td>-0.128973</td>\n",
       "      <td>-0.103241</td>\n",
       "      <td>-0.040449</td>\n",
       "      <td>0.140060</td>\n",
       "      <td>0.076069</td>\n",
       "      <td>0.428087</td>\n",
       "      <td>-0.489283</td>\n",
       "    </tr>\n",
       "    <tr>\n",
       "      <th>tasty</th>\n",
       "      <td>-0.471514</td>\n",
       "      <td>0.307318</td>\n",
       "      <td>-0.287265</td>\n",
       "      <td>-0.002547</td>\n",
       "      <td>-0.210899</td>\n",
       "      <td>-0.076914</td>\n",
       "      <td>0.360453</td>\n",
       "      <td>-0.072792</td>\n",
       "      <td>-0.639086</td>\n",
       "      <td>0.079184</td>\n",
       "      <td>0.019552</td>\n",
       "    </tr>\n",
       "    <tr>\n",
       "      <th>expensive</th>\n",
       "      <td>0.329042</td>\n",
       "      <td>0.601286</td>\n",
       "      <td>0.024397</td>\n",
       "      <td>0.067816</td>\n",
       "      <td>-0.003125</td>\n",
       "      <td>-0.261342</td>\n",
       "      <td>-0.068385</td>\n",
       "      <td>0.029539</td>\n",
       "      <td>0.066996</td>\n",
       "      <td>0.454399</td>\n",
       "      <td>-0.490069</td>\n",
       "    </tr>\n",
       "    <tr>\n",
       "      <th>healthy</th>\n",
       "      <td>-0.213711</td>\n",
       "      <td>0.076593</td>\n",
       "      <td>0.192051</td>\n",
       "      <td>0.763488</td>\n",
       "      <td>0.287846</td>\n",
       "      <td>-0.178226</td>\n",
       "      <td>-0.349616</td>\n",
       "      <td>0.176303</td>\n",
       "      <td>-0.185572</td>\n",
       "      <td>-0.038117</td>\n",
       "      <td>0.157608</td>\n",
       "    </tr>\n",
       "    <tr>\n",
       "      <th>disgusting</th>\n",
       "      <td>0.374753</td>\n",
       "      <td>-0.139656</td>\n",
       "      <td>-0.088571</td>\n",
       "      <td>0.369539</td>\n",
       "      <td>-0.729209</td>\n",
       "      <td>-0.210878</td>\n",
       "      <td>-0.026792</td>\n",
       "      <td>-0.167181</td>\n",
       "      <td>-0.072483</td>\n",
       "      <td>-0.289592</td>\n",
       "      <td>-0.040662</td>\n",
       "    </tr>\n",
       "  </tbody>\n",
       "</table>\n",
       "</div>"
      ],
      "text/plain": [
       "                 PC1       PC2       PC3       PC4       PC5       PC6  \\\n",
       "yummy      -0.476933  0.363790 -0.304444  0.055162 -0.307535  0.170738   \n",
       "convenient -0.155332  0.016414 -0.062515 -0.142425  0.277608 -0.347830   \n",
       "spicy      -0.006356  0.018809 -0.037019  0.197619  0.070620 -0.355087   \n",
       "fattening   0.116232 -0.034094 -0.322359 -0.354139 -0.073405 -0.406515   \n",
       "greasy      0.304443 -0.063839 -0.802373  0.253960  0.361399  0.209347   \n",
       "fast       -0.108493 -0.086972 -0.064642 -0.097363  0.107930 -0.594632   \n",
       "cheap      -0.337186 -0.610633 -0.149310  0.118958 -0.128973 -0.103241   \n",
       "tasty      -0.471514  0.307318 -0.287265 -0.002547 -0.210899 -0.076914   \n",
       "expensive   0.329042  0.601286  0.024397  0.067816 -0.003125 -0.261342   \n",
       "healthy    -0.213711  0.076593  0.192051  0.763488  0.287846 -0.178226   \n",
       "disgusting  0.374753 -0.139656 -0.088571  0.369539 -0.729209 -0.210878   \n",
       "\n",
       "                 PC7       PC8       PC9      PC10      PC11  \n",
       "yummy      -0.280519  0.013041  0.572403 -0.110284  0.045439  \n",
       "convenient -0.059738 -0.113079 -0.018465 -0.665818 -0.541616  \n",
       "spicy       0.707637  0.375934  0.400280 -0.075634  0.141730  \n",
       "fattening  -0.385943  0.589622 -0.160512 -0.005338  0.250910  \n",
       "greasy      0.036170 -0.138241 -0.002847  0.008707  0.001642  \n",
       "fast       -0.086846 -0.627799  0.166197  0.239532  0.339265  \n",
       "cheap      -0.040449  0.140060  0.076069  0.428087 -0.489283  \n",
       "tasty       0.360453 -0.072792 -0.639086  0.079184  0.019552  \n",
       "expensive  -0.068385  0.029539  0.066996  0.454399 -0.490069  \n",
       "healthy    -0.349616  0.176303 -0.185572 -0.038117  0.157608  \n",
       "disgusting -0.026792 -0.167181 -0.072483 -0.289592 -0.040662  "
      ]
     },
     "execution_count": 21,
     "metadata": {},
     "output_type": "execute_result"
    }
   ],
   "source": [
    "pc=pd.DataFrame(MD_pca.components_,columns=col,index=[\"PC1\",\"PC2\",\"PC3\",\"PC4\",\"PC5\",\"PC6\",\"PC7\",\"PC8\",\"PC9\",\"PC10\",\"PC11\"]).transpose()\n",
    "pc"
   ]
  },
  {
   "cell_type": "code",
   "execution_count": 22,
   "id": "3fbc4201-6083-4340-8920-92f13a672726",
   "metadata": {},
   "outputs": [
    {
     "data": {
